product_id
22482263
113004373
126742917
117035933
271472703
12416734
106362188
229726201
229734186
92010927
106362540
229732936
273732354
276856348
263117395
272238438
208555407
247878997
106362734
32530071
150553700
106362420
106362503
95039297
80960198
31993283
272219093
5412667
177999989
106362512
106362583
208169052
106362239
276849052
226206721
77222080
276399019
273098906
161863363
92551741
162530673
21053410
22482263
216213329
106362650
106362544
137246547
208061971
184895551
270113833
21053410
50322710
37929010
40848432
106362772
203910170
38113246
118582438
275377164
273899613
113004373
117035933
273732354
276856348
77222782
273904842
92010647
37306565
271089997
106362543
277541366
106362827
263117395
272238438
80960198
31993283
11801225
20703321
225342427
57768090
275397986
275303555
109861915
37320767
272219093
5412667
276399019
273098906
74855023
273458765
202960726
208174356
32900061
37169528
22400973
273657978
161863363
92551741
184895551
270113833
208917687
275397999
229725647
106362479
48227089
174491477
208137076
247999622
50322710
272370900
271360741
274918064
21046694
275382105
77231301
275341033
35591909
188282978
106362238
271198555
247324353
230039136
105366577
137443776
91985053
39154038
275199066
275396650
242487251
199895788
136076266
136069077
106362558
106362670
275303478
208197009
106362859
274672846
274988397
208170349
209388523
276503414
195505676
230010726
277541356
37216512
208406245
137569857
106362148
37340551
275199844
35279658
275365185
208618000
106362520
165189120
273348330
252186165
216213558
41092521
273634359
273646168
275398422
273203385
200751333
208559425
273643613
273666468
243223106
277502545
211008072
263751744
34853399
23476995
77221977
172377932
275351385
106362298
275315147
106362675
208560888
124882605
69060822
277317494
22367134
275396709
275396707
276503526
106362717
137941373
275339023
127032268
137592720
275381348
127033514
273678492
22367164
95497508
92551529
106362871
275399294
127032190
241773344
247811813
106362252
276489091
20680654
263968717
210138290
214199686
32895622
205752193
209273923
38115153
137941428
249596467
37134949
273658067
275399300
106362140
109862031
92010866
106362641
274071498
277327379
106362384
127032828
201034654
263752349
204758257
275399118
210955800
106362653
252673202
137439948
106362700
275381482
32530103
137941549
107428036
106362109
272582676
77561078
242487216
247238830
106362685
104267883
275309547
273884702
275399243
106362537
277184467
275721836
273098979
137592717
274669600
127033290
19845247
276852839
68996152
181656860
41092564
275260958
201796366
276634247
106362474
250077581
92004092
106362284
275380225
106362556
192048653
344235
209608089
160754893
270182270
174500473
275243823
106362186
275286959
106362810
22367136
275382097
57767379
275399249
246102889
31122115
106362265
11338231
114945548
137130367
275381356
137941269
275216160
92010283
118582559
106362832
115254265
106362684
253262987
122273434
275380181
106362601
275399235
270069604
275304202
209377839
262687372
275398580
42240727
209311742
106362620
22172572
25962276
273705859
273705851
214200210
276743097
277214336
274004846
220656835
137941640
251394105
137941350
210273798
277446508
106362251
188961425
264052087
273388188
55591451
106362101
37169587
273666759
208075215
267557760
109776142
157073390
216213337
210138314
276931448
92010882
92551725
275287101
165960221
143144259
21927043
248248530
106362234
275397972
209303696
23474791
275399221
253720650
106362125
275872330
128711666
277520698
77222223
210884534
106362224
250077305
92010727
106362824
249391944
208617907
273866671
137941348
275020488
275260582
106362857
127033182
22400993
137941247
92551647
248767638
106362692
202529307
22367144
275399124
92552001
208565109
137503528
208229152
92010634
210283671
222713832
211008123
248592463
106362657
127032377
106362317
42610873
274323282
275381390
275715872
106362743
137941328
137941636
275398518
273643711
127032510
248612941
209388245
122273428
143144329
106362639
275256540
91984731
106362356
106362795
275361014
276919980
95039245
137941440
106362878
104314401
157073393
106362227
106362864
106362555
127032270
275399239
276508562
248592467
137941516
115254442
106362844
137941280
106362757
253666018
208232006
208286106
37216540
275361143
277570576
209411801
274057505
209177041
275398021
14895357
120183697
250078550
210247694
249393076
249391875
276851143
92010642
106362850
106362144
106362472
272162044
92551469
275359938
208137723
273472469
208642205
106362509
106362802
37328440
137941313
263808394
106362134
208594227
106362562
117820612
276841585
251773501
275397944
22080377
210143564
275399182
275303736
127033173
106362393
248503594
244301132
106362513
275381429
251393985
208565148
106362368
249394976
275396580
274729272
19791144
209608095
273880803
56196775
210137845
106362679
247811725
275378852
252759470
105366557
106362272
91998777
106362388
274290679
250072585
275398052
106362552
248592420
248947073
106362649
120183354
251274514
276618198
274502472
275399196
210881571
276555852
106362378
248000279
210968821
247815827
106362267
209311332
143144195
275398608
32352199
275276697
275360131
274672858
275362084
194004378
208428409
73497029
92010788
275382095
127033163
106362680
120183162
208174776
249208147
102552375
32530122
251274539
249053532
127032097
248544535
106362205
270069729
106362167
275381382
210955848
106362880
277305200
106362569
195300766
127032795
106362183
275361046
127032421
247402468
120183650
104268041
156216692
157073368
208317403
174614168
137941289
274327859
56047343
275396677
275396675
127032915
106362413
208915582
56753902
275398088
275396669
225209557
251276372
250072583
202062513
273655545
209608785
275398451
202529537
120183262
197636611
174579917
242492718
137941275
137941570
109862101
275399146
19564020
210755930
106362745
106362486
106362184
184629951
248459742
248431995
143144253
275361977
274501909
128711677
275398531
106362792
29810924
127033585
195996580
106362258
276568395
275398032
106362329
208219975
106362809
201089533
137941524
120183403
106362145
248947069
106362398
137941461
122273430
249026422
275399265
253298794
275398503
247814591
192048659
213563565
242620756
106362756
222687833
31122094
77231302
210145830
250720983
275495162
209606451
275398457
253300641
91998974
137941320
106362638
275399233
33343253
137941587
106362367
37216528
275362003
208595889
11801227
208169019
137941546
106362637
209378470
211013748
276859421
273747969
100289392
275396608
248499099
208603828
275360114
34155270
43801188
246168171
115254372
216462136
277023975
208368658
229769378
209379063
275380263
169697565
209413524
201630703
91985785
106362873
208168460
35910284
275399130
250071536
250077846
188281455
106362510
92010572
210276109
209273802
273881055
248165143
215223875
200743998
249501433
106362573
188960653
129138227
276604383
106362452
274729356
29810956
275381388
106362403
104268118
275396641
29810074
174578936
273701610
77220893
137941357
145297326
145297152
106362651
208174774
66645345
169714630
275398590
104268063
275361141
37216547
127031564
106362875
275398574
270837359
137941505
202604408
106362581
137941422
275596643
249026474
42843201
137941687
275398527
172998290
208290317
73497218
273245210
274672791
276329574
117918101
91984951
92551788
92551869
275362136
201622138
106362762
247813410
211949433
137941542
247808081
208613391
275398076
129138419
242482813
106362891
250077598
262035840
275303513
275361153
210146828
275303775
106362489
275397970
106362797
242492714
106362285
106362355
137941608
106362820
252250248
106362310
275360072
275399122
149707214
137941378
46688228
275396620
36701979
248614241
276933968
137941426
276951347
249823313
106362586
273880094
275396560
209413654
274004834
208288891
137941477
106362609
201892412
129138498
172997839
127031637
250077707
274729374
106362314
106362642
42240721
250077986
137941519
91985360
208474530
275362121
106362362
69255912
91986129
275398023
274729351
124893127
210165956
247815787
274729345
274729372
275303730
106362332
106362640
92004384
201055511
208555445
137432610
106362498
274729326
91987814
270064632
148793899
106362492
106362853
275398080
208196917
275399170
106362163
252179021
208286632
275398594
274729355
137941277
106362579
137941590
253300455
165854937
274729380
137941293
106362662
275398596
137941607
171184922
273639470
247238599
274424372
106362858
275398517
129138249
275398054
106362276
137941577
252285658
275360016
275362082
242486982
275398066
165295182
275362135
275362141
275399280
213588025
274729376
275596328
263968832
115254449
275284300
227162664
106362592
106362437
106362813
92004143
106362676
274729353
106362508
106362817
137941385
247809179
106362666
22172685
275399166
247395798
210276086
275380153
137941263
275304273
33506009
137941335
242628123
275287081
106362189
275361159
249497297
274557490
273685703
248947071
275220485
106362361
275360031
274729370
249471724
205744375
137941252
275398068
251394010
275398584
106362563
249026470
274729364
106362624
137424411
275303582
249603546
201932158
270991834
274729346
275399212
209379052
262404872
274729328
275398557
227163573
275398612
249659168
106362424
202604311
274729270
127032166
274729368
106362525
273298725
277320351
253720836
115254312
270881666
275617546
91985361
275396606
275360112
252250278
215768936
106362532
248499158
247556059
106362515
273221759
251241730
249930898
142443113
275230070
92010103
106362305
106362291
275398521
56878836
106362179
106362162
248497854
247592664
275303460
275399168
137941396
216462197
274826777
106362606
210276096
137941331
106362796
210146575
106362372
137941311
111580006
210968097
275360996
137941489
137941537
249659612
127031977
137941325
271257451
106362428
137941299
129138477
106362865
137941315
137941344
275362165
210153180
215152419
248592511
275304224
273641818
137941292
275303492
38292706
106362737
247746299
137941431
249659273
275361057
202604333
242786369
106362823
275360993
106362709
249602066
129138333
106362311
275361060
275303740
106362807
106362493
169716099
106362436
137941456
137941576
210143671
106362232
172992247
248432954
275362086
248499312
275360019
274729366
248444426
242123562
274729333
137941457
137941326
244316270
275362129
249696550
242122617
106362320
137941541
273641980
127033501
106362174
137941589
73795265
137941587
208643390
275304176
249824676
106362367
22073006
275398485
275399220
37216528
230079018
275362003
208595889
254086593
11801227
208169019
276618151
275398132
137941546
57767747
106362637
209378470
211013748
32352194
276859421
273747969
100289392
274407182
58262706
275396608
202526470
41995049
248499099
273657992
273355338
92551491
137425300
208603828
275360114
208555448
7637833
110916505
71978456
208568782
275398592
137941563
34155270
202239153
43801188
31122095
246168171
29810969
115254372
216462136
277023975
208368658
229769378
209379063
40848896
110916549
77558891
275380263
208555171
169697565
275335019
209413524
247792785
272120682
124893019
201630703
91985785
95002714
106362873
208168460
35910284
106362604
275380137
275399130
275380311
68347534
250077846
250071536
188281455
106362510
92010572
208410763
106362511
250071823
35565904
210276109
210164054
29676613
29913264
275398561
209273802
243203804
118582397
209320368
106362286
210146666
273881055
248165143
248643276
275598938
22367416
215223875
262057103
129138357
200743998
67253362
176142729
249501433
106362573
188960653
191911784
277281830
129138227
208327951
276604383
214818737
202529643
16213361
106362452
271517898
208555452
248362955
29810926
273825602
273825604
274729356
29810956
210884383
29810933
137941591
275381388
106362403
104268118
275396641
273101711
31122073
29810074
174578936
242421050
221516848
273701610
209332780
77220893
275398602
137941357
198858935
275380165
275351370
29676615
209411803
57765927
145297326
145297152
208568791
106362651
276659943
72689369
208174774
52123634
33343217
137480805
244316290
190086722
190105043
190087544
66645345
217419214
22401005
275398001
36866915
272896454
276604369
169714630
208650130
275398590
51518526
104268063
275361141
37216547
275617636
127031564
276928179
274383889
106362875
274047610
274047607
249026432
275398574
270837359
137941505
202604408
106362581
137941422
198379682
249957473
275596643
249026474
106362139
42843201
275398507
137941687
275398527
106362288
33640884
275303590
23744047
275304252
172998290
47941143
208290317
32895612
73497218
273245210
274672791
275303630
276329574
117918101
247808672
91984951
275330024
92551788
92551869
216285782
275362136
201622138
106362762
247813410
275380317
211949433
137941542
20700082
247808081
204076856
137941645
88222443
208613391
209608173
275398076
129138419
242482813
276077254
275399158
273583783
106362891
106362788
250077598
262035840
208555431
274846173
208906043
275303513
37134868
275361153
247792758
248643284
210146828
275303775
106362489
106362770
275397970
106362797
242492714
67097400
208206775
106362842
106362285
106362355
137941608
275315411
106362820
275597786
252250248
106362310
275360060
32351698
202165270
106362376
275360072
275399122
149707214
137941378
57759241
46688228
275396620
36701979
248614241
276933968
275398444
275381318
275276487
22472268
37468726
137941426
221516846
276951347
249823313
85553371
208201318
275361022
137941270
275380177
37216416
208410672
249824806
106362364
106362586
275303547
273880094
275396560
68724540
275396679
275396692
252199810
209413654
274004834
208288891
137941477
106362609
201892412
129138498
249883299
172997839
208285333
275399128
127031637
42298110
250077707
274652449
274729374
106362314
46643195
210137850
106362642
275397950
42240721
250077986
137941519
91985360
7733065
22172884
249883297
208474530
165972582
275303480
26350974
106362749
208642247
275598645
92010075
274729274
275398533
32351586
275381450
244299434
275398125
275362121
248767500
275309624
209762966
106362362
69255912
275398121
91986129
274442464
275361018
32530093
85553182
275398549
277436649
275398023
274729351
124893127
210165956
275398523
32352082
209613570
247815787
274729345
137941406
208224003
208617983
274729372
275320228
85551308
269367423
242629504
275398094
32351592
29812151
275399278
273409016
275259741
275303730
106362467
137941558
38493533
106362332
208218913
200725336
274403065
273911108
273928653
32352219
20534007
106362640
92004384
127031841
201055511
208555445
137432610
106362498
274729326
275086818
91987814
270064632
148793899
106362492
29676712
106362853
275398080
122273432
208196917
275359942
249208061
275399170
106362163
252179021
92010771
208286632
275398594
35569027
274729355
37468692
137941277
106362579
274729349
137941590
253300455
208223999
20692817
73516877
165854937
274729380
275920020
275362019
137941293
106362705
249176455
275286942
106362662
106362822
210274751
275398596
54637892
274289317
137941607
14310281
171184922
273639470
247238599
274424372
106362858
106362327
275334878
275398517
129138249
59479145
275396662
275396664
275398054
106362276
137941577
137941593
252285658
275362082
275360016
250073957
242486982
39923611
137425257
249825815
106362414
275398066
165295182
275362135
275362141
22367384
275399280
213588025
274729376
247813882
275596328
275362050
263968832
115254449
106362754
275284300
166649054
227162664
55512938
273442876
106362592
106362654
20325587
106362437
202475506
120150394
76105912
106362813
92004143
244309141
274729360
106362676
275380239
275359946
274729353
275997732
275303636
106362508
171091308
242628119
106362817
25456886
137941385
248504282
247809179
249176442
106362666
22172685
275398459
275287069
55589742
275360018
275399166
247395798
48266422
274790783
208432647
210276086
275380153
137941263
275304273
106362729
275598349
106362316
210164037
33506009
29810072
137941335
254086309
242629462
242628123
47500246
35614749
275381514
247731325
32351742
275287081
275380207
106362189
277038193
34818789
275361159
129138337
246161529
58366611
208555437
249497297
247906042
277024319
202529703
274557490
273685703
251274569
248947071
242618453
106362444
275220485
68823450
106362361
275360031
274729370
249471724
205744375
208288889
91985364
137941252
275398068
251394010
275398584
275399111
66698344
209320331
201033418
106362563
249026470
33851780
253660503
37134913
275380213
274729364
66698354
225967058
106362624
137424411
242628005
208412878
276385533
214013045
157073381
32352080
275303582
208197019
32351565
249176362
249603546
106362164
274511424
275381418
275301389
201932158
37157364
29676619
88797361
208314753
56267280
270991834
208437465
275380287
275380231
29810056
102139989
274996704
145499994
274729346
275399212
208168487
106362616
31148638
105366587
209379052
262404872
29810930
114895657
274729328
275398557
227163573
275398612
249659168
106362424
208290383
208587307
66698362
248592412
106362818
202604311
248362589
274729270
32351575
275399164
106362210
106362198
275599479
208201338
32352505
127032166
66698350
274729368
275303632
106362525
273298725
253721345
277320351
253720836
32530101
115254312
208137654
37468776
270881666
137375226
275617546
205747798
113183217
55509730
91985361
244299282
275396606
275360112
106362855
252250278
215768936
75307228
215768912
106362532
214200423
248499158
247556059
106362515
253137249
35910300
29907194
249490177
250077143
137425427
20144050
275362131
273221759
251241730
35910330
249930898
142443113
275230070
263790721
275398060
92010103
106362098
106362305
106362291
275399306
66698356
210146832
118582480
275398521
208285343
56878836
137569876
20459390
178527853
275359966
106362138
106362179
249053551
106362838
117918082
106362162
37134923
73515857
275360067
248497854
106362213
277375665
247592664
275379773
274729320
275303460
275396673
275396690
273666325
275399168
137941396
216462197
247808599
274826777
106362606
106362229
96301753
8146266
210276096
32352062
137941331
20655438
106362796
210146575
273645562
85553367
106362372
137941311
85553823
247571261
106362889
210138317
111580006
210968097
275360996
137941489
137941537
209311286
32561523
37468810
106362502
249659612
127031977
275360012
137941325
106362553
274729322
22482312
271257451
274729341
107462508
274356577
127033037
275399160
277510422
275381478
11306101
275315133
106362428
137941299
248893904
129138477
106362865
275359982
35811404
137941315
137941344
275335017
242771380
275362165
275325625
210153180
215152419
29810937
106362461
248592511
275304224
273641818
137941292
249671572
85553236
242482811
106362338
275360074
250365627
253238235
275303492
29676719
208591359
38292706
106362737
208565139
208565129
247746299
137941431
208597007
106362301
243223864
58971677
249659273
32530113
275303598
208410990
207567285
275361057
276247875
253258079
274729334
208553791
275362011
32530117
275617738
249601212
275599427
275335047
271236101
202604333
242786369
66698347
72040812
275398112
106362823
275399156
247904581
166649133
38294007
275360993
241907386
202529610
275334880
74239472
106362255
104268002
106362709
249602066
248643171
129138333
250078246
273295552
210886530
57747093
106362311
73516883
242482966
70817132
209612206
275361060
151431901
132302751
275362064
91999003
275303740
106362807
275361135
258628308
275381392
106362493
275382099
169716099
106362436
137941627
275399142
14758322
209882426
209882455
274729327
254086217
250071382
137941456
275598772
137941576
274729337
92004373
56047349
210143671
106362232
172992247
248432954
251773638
275304236
275334898
275398028
275362086
209177691
248499312
32530089
271641776
275334894
106362689
275360019
113117427
274729366
248444426
74775372
208137115
249007384
244309379
106362136
53086333
244307583
106362595
242788863
247814725
242123562
85553377
274729333
274729359
275365167
243093202
137941457
137941326
248497538
100382870
244316270
48266440
275362129
106362445
275334896
249696550
257767011
35975069
106362576
106362271
205967799
242122617
129138510
57325945
171476383
275360984
106362320
137941541
127031711
262424685
106362882
273641980
127033501
275321951
106362821
106362174
274989691
275334892
251444689
87834267
137941430
32530127
275362009
32561507
275859095
137941408
32530078
137941589
137941329
275321791
275362111
275289067
275321793
275330936
